       x [um]         y [um]         z [um]     HxRe [A/m]     HyRe [A/m]     HzRe [A/m]     HxIm [A/m]     HyIm [A/m]     HzIm [A/m]  
------------------------------------------------------------------------------------------------------------------------------------------
          100           -100            0.3      0.0725878            377       0.294506      -0.214289           -361      -0.323194
          100          -99.9            0.3      0.0756285            377       0.290297      -0.214351           -361      -0.318559
          100          -99.8            0.3        0.07863            377        0.28611      -0.214395           -361      -0.313949
          100          -99.7            0.3      0.0815928            377       0.281944      -0.214423           -361      -0.309365
          100          -99.6            0.3      0.0845162            377         0.2778      -0.214433           -361      -0.304806
          100          -99.5            0.3       0.054305            265       0.308874      -0.152529           -443      -0.485417
          100          -99.4            0.3      0.0566393            265       0.303875      -0.157403           -443      -0.477575
          100          -99.3            0.3      0.0589427            265       0.298906       -0.16221           -443      -0.469777
          100          -99.2            0.3      0.0612152            265       0.293966      -0.166947           -443      -0.462024
          100          -99.1            0.3      0.0634566            265       0.289057      -0.171616           -443      -0.454315
