       x [um]         y [um]         z [um]     HxRe [A/m]     HyRe [A/m]     HzRe [A/m]     HxIm [A/m]     HyIm [A/m]     HzIm [A/m]  
------------------------------------------------------------------------------------------------------------------------------------------
          100           -100            0.3      0.0725878        377.088       0.294506      -0.214289       -360.644      -0.323194
          100          -99.9            0.3      0.0756285        377.076       0.290297      -0.214351       -360.631      -0.318559
          100          -99.8            0.3        0.07863        377.063        0.28611      -0.214395       -360.618      -0.313949
          100          -99.7            0.3      0.0815928        377.051       0.281944      -0.214423       -360.605      -0.309365
          100          -99.6            0.3      0.0845162        377.038         0.2778      -0.214433       -360.591      -0.304806
          100          -99.5            0.3      0.0874005        377.026       0.273678      -0.214427       -360.578      -0.300273
          100          -99.4            0.3      0.0902457        377.014       0.269577      -0.214403       -360.564      -0.295765
          100          -99.3            0.3      0.0930521        377.001       0.265497      -0.214363       -360.551      -0.291283
          100          -99.2            0.3      0.0958193        376.989       0.261439      -0.214306       -360.538      -0.286826
          100          -99.1            0.3      0.0985476        376.977       0.257403      -0.214232       -360.525      -0.282394