       x [um]         y [um]         z [um]     HxRe [A/m]     HyRe [A/m]     HzRe [A/m]     HxIm [A/m]     HyIm [A/m]     HzIm [A/m]  
------------------------------------------------------------------------------------------------------------------------------------------
          100            -99            0.3      0.0656669        265.258       0.284177      -0.176216       -442.647      -0.446651
          100          -98.9            0.3      0.0678462        265.246       0.279327      -0.180747       -442.622      -0.439032
          100          -98.8            0.3      0.0699945        265.233       0.274507      -0.185209       -442.597      -0.431457
          100          -98.7            0.3       0.072112        265.221       0.269717      -0.189603       -442.572      -0.423925
          100          -98.6            0.3      0.0741983        265.208       0.264957      -0.193928       -442.547      -0.416439
          100          -98.5            0.3      0.0762536        265.196       0.260227      -0.198184       -442.522      -0.408998
          100          -98.4            0.3       0.078278        265.183       0.255527      -0.202372       -442.497      -0.401601
          100          -98.3            0.3      0.0802713        265.171       0.250856       -0.20649       -442.472      -0.394248
          100          -98.2            0.3      0.0822338        265.159       0.246216       -0.21054       -442.447       -0.38694
          100          -98.1            0.3      0.0841651        265.146       0.241605      -0.214521       -442.422      -0.379676
