       x [um]         y [um]         z [um]     HxRe [A/m]     HyRe [A/m]     HzRe [A/m]     HxIm [A/m]     HyIm [A/m]     HzIm [A/m]  
------------------------------------------------------------------------------------------------------------------------------------------
          100           -100            0.3      0.0421681            265       0.334318      -0.127122           -443      -0.525294
          100          -99.9            0.3      0.0446575            265       0.329169      -0.132341           -443       -0.51723
          100          -99.8            0.3      0.0471159            265       0.324051      -0.137491           -443       -0.50921
          100          -99.7            0.3      0.0495434            265       0.318962      -0.142573           -443      -0.501234
          100          -99.6            0.3      0.0519397            265       0.313903      -0.147585           -443      -0.493303
          100          -99.5            0.3      0.0874005            377       0.273678      -0.214427           -361      -0.300273
          100          -99.4            0.3      0.0902457            377       0.269577      -0.214403           -361      -0.295765
          100          -99.3            0.3      0.0930521            377       0.265497      -0.214363           -361      -0.291283
          100          -99.2            0.3      0.0958193            377       0.261439      -0.214306           -361      -0.286826
          100          -99.1            0.3      0.0985476            377       0.257403      -0.214232           -361      -0.282394
