       x [um]         y [um]         z [um]     HxRe [A/m]     HyRe [A/m]     HzRe [A/m]     HxIm [A/m]     HyIm [A/m]     HzIm [A/m]  
------------------------------------------------------------------------------------------------------------------------------------------
          100           -100            0.3      0.0421681        265.385       0.334318      -0.127122       -442.899      -0.525294
          100          -99.9            0.3      0.0446575        265.372       0.329169      -0.132341       -442.874       -0.51723
          100          -99.8            0.3      0.0471159         265.36       0.324051      -0.137491       -442.848       -0.50921
          100          -99.7            0.3      0.0495434        265.347       0.318962      -0.142573       -442.823      -0.501234
          100          -99.6            0.3      0.0519397        265.334       0.313903      -0.147585       -442.798      -0.493303
          100          -99.5            0.3       0.054305        265.321       0.308874      -0.152529       -442.773      -0.485417
          100          -99.4            0.3      0.0566393        265.309       0.303875      -0.157403       -442.747      -0.477575
          100          -99.3            0.3      0.0589427        265.296       0.298906       -0.16221       -442.722      -0.469777
          100          -99.2            0.3      0.0612152        265.284       0.293966      -0.166947       -442.697      -0.462024
          100          -99.1            0.3      0.0634566        265.271       0.289057      -0.171616       -442.672      -0.454315