     HxRe [A/m]      HyRe [A/m]      HzRe [A/m]      HxIm [A/m]      HyIm [A/m]      HzIm [A/m]  
----------------------------------------------------------------------------------------------------
      0.0304197         111.703       -0.039812       -0.087167          82.255        0.202100
      0.0309710         111.704       -0.038872       -0.082010          82.243        0.198671
      0.0315141         111.703       -0.037941       -0.076904          82.230        0.195261
      0.0320494         111.704       -0.037018       -0.071850          82.218        0.191869
      0.0325765         111.704       -0.036103       -0.066848          82.207        0.188497
      0.0330955         111.705       -0.035196       -0.061898          82.195        0.185144
      0.0336064         111.705       -0.034298       -0.057000          82.183        0.181810
      0.0341094         111.705       -0.033409       -0.052153          82.171        0.178494
      0.0346041         111.705       -0.032527       -0.047359          82.159        0.175198
      0.0350910         111.706       -0.031654       -0.042616          82.147        0.171921
